9743.130
10779.872
11270.766
8826.153
8821.402
-----

10450.716
10643.442
10290.265
10566.320
6992.650
7097.148
11313.161
11391.458
8706.460
8688.261
7449.706
7422.901
8496.071
11409.277
11409.091
6215.130
6334.632
8223.287
8193.981
8235.116
8811.740
8983.999
8870.090
8114.009
8904.813
8023.975
9651.397
9761.141
10007.039
8795.681
8731.637
8685.566
9439.824
9449.572
9746.551
8844.618
8979.881
9681.664
11343.155
11459.874
11282.779
8090.040
8022.613
8100.508
10303.563
10337.097
10453.387
10857.082
10950.805
10938.749
10138.455
10112.959
10096.424
10742.634
10486.847
10510.640
10932.526
11081.827
11133.633
7983.790
8173.410
8046.678
11247.903
11240.480
11454.024
11466.273
11549.260
11588.360